-1 70 291 0x0
-2 70 291 0x0
-2 85 -106 0x0
-2 85 -105 0x0
-1 85 -106 0x0
-1 85 -105 0x0
0 85 -106 0x0
0 85 -105 0x0
-32 76 295 0x0
-32 76 296 0x0
-32 79 297 0x5
-32 75 295 0x0
-31 76 296 0x0
-32 75 296 0x0
-31 75 295 0x0
-31 75 296 0x0
-30 79 297 0x5
-33 79 299 0x5
-34 79 297 0x5
-34 79 298 0x5
-34 79 299 0x0
-33 79 297 0x5
-33 79 298 0x5
-2556 69 -2459 0x3
-2556 72 -2459 0x3
-2558 67 -2457 0x1
-2556 68 -2459 0x3
-2556 71 -2459 0x3
-2556 67 -2461 0x3
-2557 67 -2457 0x4f
-2556 67 -2460 0x3
-2556 67 -2459 0x3
-2556 67 -2458 0x3
-2556 70 -2459 0x3
-2556 67 -2457 0x3
-2556 73 -2459 0x3
-2670 75 -1910 0x0
-2669 75 -1910 0x0
-2672 75 -1911 0x0
-2672 75 -1910 0x0
-2671 75 -1910 0x0
12 83 -68 0x0
12 82 -77 0x0
12 83 -67 0x0
12 82 -76 0x0
12 82 -75 0x0
12 82 -74 0x0
12 82 -73 0x0
12 82 -72 0x0
12 82 -71 0x0
12 81 -80 0x0
12 82 -70 0x0
12 81 -79 0x0
12 82 -69 0x0
12 81 -78 0x0
12 82 -68 0x0
12 81 -77 0x0
12 82 -67 0x0
12 81 -76 0x0
12 82 -66 0x0
12 81 -75 0x0
12 81 -74 0x0
12 81 -73 0x0
12 81 -72 0x0
12 81 -71 0x0
12 80 -80 0x0
12 81 -70 0x0
12 80 -79 0x0
12 81 -69 0x0
12 80 -78 0x0
12 80 -77 0x0
12 81 -68 0x0
12 81 -67 0x0
12 80 -76 0x0
12 80 -75 0x0
-2210 104 -2495 0x0
-2209 104 -2495 0x0
-2210 103 -2495 0x0
-2209 103 -2495 0x0
-988 126 65 0x0
-987 126 64 0x0
-971 124 106 0x0
-972 124 106 0x0
-972 124 107 0x47
-971 123 106 0x0
-971 123 107 0x47
-970 122 107 0x47
-971 123 108 0x0
-970 122 108 0x0
-972 123 106 0x47
-971 122 106 0x47
-971 122 108 0x0
-973 123 106 0x0
-972 122 105 0x47
-973 123 107 0x0
-973 122 105 0x0
-973 122 106 0x0
-973 122 107 0x0
-2673 75 -1911 0x0
-2673 75 -1910 0x0
-2132 66 -2709 0x0
12 81 -81 0x0
12 80 -82 0x0
12 80 -81 0x0
13 80 -82 0x0
13 80 -81 0x0
12 79 -82 0x0
12 79 -81 0x0
13 79 -82 0x0
13 79 -81 0x0
12 81 -82 0x4
-2538 81 -2102 0x0
-2537 81 -2101 0x0
-2539 81 -2103 0x0
2 70 291 0x0
0 70 291 0x0
1 70 291 0x0
