-3445 65 2124 0x0
-3445 65 2125 0x0
-3443 65 2123 0x0
-3443 65 2124 0x0
-3447 64 2121 0x0
-3447 64 2122 0x0
-3447 64 2123 0x0
-3447 64 2124 0x0
-3445 64 2124 0x0
-3445 64 2125 0x0
-3443 64 2123 0x0
-3443 64 2124 0x0
-3446 65 2121 0x0
-3446 65 2122 0x0
-3446 65 2123 0x0
-3446 65 2124 0x0
-3446 65 2125 0x0
-3444 65 2123 0x0
-3444 65 2124 0x0
-3446 64 2121 0x0
-3446 64 2122 0x0
-3446 64 2123 0x0
-3446 64 2124 0x0
-3446 64 2125 0x0
-3444 64 2123 0x0
-3444 64 2124 0x0
-3447 65 2121 0x0
-3447 65 2122 0x0
-3447 65 2123 0x0
-3447 65 2124 0x0
-3429 67 2145 0x0
-3428 64 2144 0x0
-3428 64 2145 0x0
-3429 66 2144 0x0
-3429 66 2145 0x0
-3429 65 2144 0x0
-3429 65 2145 0x0
-3429 68 2144 0x0
-3429 68 2145 0x0
-3428 65 2144 0x0
-3429 64 2144 0x0
-3428 65 2145 0x0
-3429 67 2144 0x0
-3404 63 2102 0x0
-3403 63 2102 0x0
-3397 62 2106 0x0
-3397 62 2107 0x0
-3402 63 2102 0x0
-3396 62 2106 0x0
-3396 62 2107 0x0
-3401 63 2102 0x0
-3374 61 2091 0x0
-3374 61 2092 0x0
-3374 61 2093 0x0
-3373 61 2093 0x0
-3424 65 2161 0x0
-3424 65 2162 0x0
-3424 64 2162 0x0
-3424 66 2161 0x0
-3406 65 2113 0x0
-3406 65 2114 0x0
-3406 65 2115 0x0
-3404 65 2113 0x0
-3404 65 2114 0x0
-3404 65 2115 0x0
-3406 64 2113 0x0
-3406 64 2114 0x0
-3406 64 2115 0x0
-3404 64 2113 0x0
-3404 64 2114 0x0
-3404 64 2115 0x0
-3406 63 2113 0x0
-3406 63 2114 0x0
-3406 63 2115 0x0
-3404 63 2113 0x0
-3404 63 2114 0x0
-3404 63 2115 0x0
-3407 65 2113 0x0
-3407 65 2114 0x0
-3407 65 2115 0x0
-3405 65 2113 0x0
-3405 65 2114 0x0
-3405 65 2115 0x0
-3403 65 2113 0x0
-3403 65 2114 0x0
-3403 65 2115 0x0
-3407 64 2113 0x0
-3407 64 2114 0x0
-3407 64 2115 0x0
-3405 64 2113 0x0
-3405 64 2114 0x0
-3405 64 2115 0x0
-3403 64 2113 0x0
-3403 64 2114 0x0
-3403 64 2115 0x0
-3407 63 2113 0x0
-3407 63 2114 0x0
-3407 63 2115 0x0
-3405 63 2113 0x0
-3405 63 2114 0x0
-3405 63 2115 0x0
-3424 65 2194 0x0
-3424 65 2195 0x0
-3424 65 2196 0x0
-3423 65 2195 0x0
-3423 65 2197 0x0
-3422 65 2196 0x0
-3426 65 2197 0x0
-3425 65 2196 0x0
-3425 65 2197 0x0
-3447 65 2150 0x5
-3447 65 2151 0x5
-3451 69 2145 0x5
-3451 69 2146 0x5
-3451 69 2147 0x5
-3451 69 2148 0x5
-3451 69 2149 0x5
-3451 69 2150 0x5
-3451 69 2151 0x5
-3452 68 2145 0x5
-3449 69 2145 0x5
-3452 65 2145 0x5
-3449 69 2146 0x5
-3449 69 2147 0x5
-3452 65 2147 0x0
-3452 68 2151 0x5
-3449 69 2148 0x5
-3449 69 2149 0x5
-3449 69 2150 0x5
-3449 69 2151 0x5
-3452 65 2151 0x5
-3453 67 2145 0x5
-3450 68 2145 0x5
-3453 67 2151 0x5
-3450 65 2145 0x5
-3450 68 2151 0x5
-3447 66 2145 0x5
-3450 65 2151 0x5
-3447 66 2151 0x5
-3448 68 2145 0x5
-3451 67 2151 0x5
-3448 65 2145 0x5
-3451 64 2149 0x5
-3451 64 2150 0x5
-3448 68 2151 0x5
-3451 64 2151 0x5
-3451 64 2152 0x5
-3448 65 2151 0x5
-3452 69 2145 0x5
-3452 69 2146 0x5
-3452 69 2147 0x5
-3452 69 2148 0x5
-3452 69 2149 0x5
-3452 69 2150 0x5
-3452 69 2151 0x5
-3453 68 2145 0x5
-3453 68 2146 0x5
-3453 68 2147 0x5
-3453 68 2148 0x5
-3450 69 2145 0x5
-3453 65 2145 0x5
-3453 68 2149 0x5
-3450 69 2146 0x5
-3453 65 2146 0x5
-3453 68 2150 0x5
-3450 69 2147 0x5
-3453 65 2147 0x5
-3453 68 2151 0x5
-3450 69 2148 0x5
-3453 65 2148 0x5
-3450 69 2149 0x5
-3453 65 2149 0x5
-3450 69 2150 0x5
-3453 65 2150 0x5
-3450 69 2151 0x5
-3453 65 2151 0x5
-3447 67 2145 0x5
-3450 66 2151 0x5
-3447 67 2151 0x5
-3451 68 2145 0x5
-3451 65 2145 0x5
-3448 69 2145 0x5
-3448 69 2146 0x5
-3451 65 2147 0x0
-3451 68 2151 0x5
-3448 69 2147 0x5
-3448 69 2148 0x5
-3448 69 2149 0x5
-3448 69 2150 0x5
-3448 69 2151 0x5
-3449 68 2145 0x5
-3452 67 2151 0x5
-3449 65 2145 0x5
-3449 68 2151 0x5
-3449 65 2151 0x5
-3449 65 2152 0x0
-3453 66 2145 0x5
-3453 66 2151 0x5
-3447 68 2145 0x5
-3450 67 2150 0x0
-3447 68 2146 0x5
-3450 67 2151 0x5
-3447 68 2147 0x5
-3447 68 2148 0x5
-3447 65 2145 0x5
-3447 68 2149 0x5
-3447 68 2150 0x5
-3447 65 2146 0x5
-3447 68 2151 0x5
-3447 65 2147 0x5
-3447 65 2148 0x5
-3447 65 2149 0x5
-3461 67 2129 0x0
-3461 67 2130 0x0
-3462 66 2129 0x0
-3462 66 2130 0x0
-3461 66 2129 0x0
-3461 66 2130 0x0
-3462 65 2129 0x0
-3462 65 2130 0x0
-3461 65 2129 0x0
-3461 65 2130 0x0
-3462 67 2129 0x0
-3462 67 2130 0x0
-3462 67 2131 0x0
